863  GTX-1050   2014 2145 150
563  GTX-960    2009 2045 100
1652 GTX-1080   2016 4521 1260
1763 GTX-1080Ti 2017 5421 2600
1725 GTX-1080TI 2017 5444 2700
8348 Quadro     2017 6000 4000
863  RX-580     2016 3145 150
563  RX-570     2014 3645 100
1652 RX-560     2013 2521 1260
1763 VEGA       2017 5421 2600
1725 VEGA64     2017 5444 2700
834  GTX-970Ti  2009 1934 120.30
863  GTX-1050   2014 2145 150
563  GTX-960    2010 2045 200
1652 GTX-1080   2017 4521 1260
1763 GTX-1080Ti 2017 5421 2600
1725 GTX-1080TI 2016 4444 2700
834  GTX-970Ti  2006 1206 70.30
